#REF!
#REF!
#REF!
#REF!
#VALUE!
-2.14
-0.44
-0.96
-0.37
4.12
7.61
7.56
7
3.85
2.72
-1.05
1.07
1.3
3.12
5.59
8.34
1.93
-4.7
10.51
4.47
4.72
9.95
17.97
0.49
4.22
3.92
1.62
-3.47
-3.33
-0.78
-2.14
0.19
5.25
8.85
1.29
2.27
-0.36
1.68
0
4.67
4.72
4.73
3.52
2.26
3.78
2.67
9.6
4.4
8.91
8.3
9.54
5.88
9.1
8.21
5.84
4.74
-1.79
-4.54
-4.87
-6.32
-4.55
-7.21
-5.54
-6.41
-2.1
-3.01
1.35
-1.82
-2.53
-6.53
-8.46
-3.28
0.46
0.96
3.8
6.68
4.51
4.88
-7.64
-9.91
-10.25
-10.93
-8.55
4.37
7.13
5.82
8.65
7.46
4.6
3.47
4.3
1.19
0.33
3.55
6.85
5.63
3.44
3
-0.4
-3.89
-3.4
-2.46
-3.16
-0.87
1.62
3.34
5.63
8.88
8.6
5.69
4.46
2.49
-2.8
-5.25
2.54
1.25
4.07
3.32
4.53
-4.97
-6.23
-7.42
-4.9
-6.1
-2.22
0.7
1.11
-0.48
3.64
3.19
4.28
2.88
7.01
3.12
3.03
2.19
3.69
3.11
5.69
7.1
5.7
6.97
5.14
0.9
-14.82
-12.15
-13.34
-15.54
-12.61
-0.87
-2.59
-1.84
-1.31
-2.42
1.79
0.99
-0.15
4.3
5.43
5.9
4.33
6.88
2.86
4.81
3.85
3
0.6
1.77
-3.13
-9.38
-6.79
-7.05
-7.63
-2.91
2.76
1.22
1.1
2.79
2.13
-0.64
0.94
-0.15
-0.73
-0.12
4.92
6.11
6.93
3.72
5.8
2.86
2.58
-0.04
4.1
-0.58
-2.9
-2.06
0.25
-1.04
-1.57
-0.11
1.63
1.44
1.51
-0.05
-1.17
-4.47
-1.1
-1.02
9.1
11.23
12.7
10.34
6.88
-1.29
-3.18
-5.39
-5.3
3.16
6.37
8.19
5.56
3.9
-3.01
-2.85
-4.1
0.13
-0.15
3.62
1.47
-2.05
-3.86
-0.18
-4.84
-4.97
-2.77
-0.51
-3.17
-0.5
1.19
3.12
1.44
-3.48
-2.28
-2.36
-1.7
-0.43
3.27
1.2
0.88
2.73
0.08
-1.23
2.18
0.83
0.16
3.2
8.91
5.33
6.62
9.2
12.15
8.72
11.705
11.69
6.16
1.96
0.53
-2.005
-3.16
1.67
1.37
0.93
2.31
2.47
-0.57
-0.51
0.36
-3.55
-2.29
-0.2
-1
-0.53
0.56
3.24
0.1
1.21
2.95
7.58
3.05
3.76
1.85
-2.06
-4.94
-2.32
-4.48
1.13
3.6
5.19
7.67
11.59
10.27
11.45
8.41
1.9
0.08
-3.92
-3.01
0.35
4.14
3.87
5.48
4.67
1.24
-1.29
-1.75
-4.49
-6.43
-6.03
-3.15
-2.95
-0.27
0.32
-2.9
-13.09
-8.47
-10.36
-13.34
-1.43
8.17
5.52
4.51
9.64
4.7
0.66
-3.26
1.43
5.25
4.95
7.05
8.41
7.37
1.65
2.54
3.36
4.64
5.14
3.55
-0.46
0.07
-0.79
0.31
0.78
-0.11
0.47
-1.3
-3.17
-1.22
-1.05
-2.94
-5.06
-6.22
-4.41
-2.21
-2.75
0.16
-1.46
-6.31
-7.76
-7.33
-6.3
1.87
3.62
3.23
2.46
4.12
-0.39
-1.55
-0.9
-0.17
-1.39
-0.2
1.07
4.33
11.59
9.81
7.38
10.03
10.68
0.33
-1.59
-6.01
-9.88
-9.11
-7.75
-14.43
-8.31
-4.9
-7.93
-5.47
3.54
2.19
4.3
0.82
1.99
3.34
2.07
-2.39
-2.53
-3.92
-4.36
-0.59
3.42
4.15
1.48
4.32
0.49
-3.02
-2.48
0.73
-3.74
-5.04
-4.46
-3.33
-5.86
-3.48
-8.02
-8.15
-5.52
-4.61
-2.17
3.19
1.23
0.27
0.57
-2.86
-2.62
-7.15
-5.55
-4.86
-4.73
-6.82
-3.16
-5.62
-7.74
-7.81
-4.53
1.04
-0.33
5.01
4.74
4.43
0.95
1.87
1.6
2.66
1.58
4.28
5.18
10.46
7.27
8.28
-0.45
-1.1
-9.18
-1.7
-2146.98
-2113.76
-2129.04
-2182.37
-2220.54
-148.03
-157.32
-60.53
19.25
148.83
215.92
140.99
52.84
-54.71
-189.14
-66.24
4.45
11.13
175.14
238.04
45.88
96.8
102.77
-71.24
-165.64
-136.95
-200.71
-202.68
-62.73
-56.56
62.02
63.81
84.23
125.36
238.13
164.22
47.45
69.72
-48.99
-131.23
-215.51
-62.52
-144.05
-48.31
-31.2
42.34
34.17
17.11
-71.71
-172.28
-70.9
-81.46
13.87
-53.3
151.09
-27.53
-121.86
-92.95
-110.52
-264.5
-220.5
-94.22
-152.78
-106.97
-2.58
14.69
-120.99
-184.24
-137.8
-253.77
-276.92
-133.79
-63.69
-109.37
-43.74
33.85
-16.43
-33.25
82.82
59.45
109.43
94.4
134.23
96.26
212.34
194.75
126.52
38.37
-3.51
47.64
5.53
-32.93
-32.52
-17.71
-137.79
-168.53
-47.95
32.69
143.33
95.31
88.47
44.22
-96.28
-176.81
-117.95
-73.25
-125.88
-79.31
-55.75
-72.76
-177.72
-80.96
-131.67
26.69
64.79
194.53
270.59
375.93
222.86
106.53
63.95
-87.71
-128.24
-191.1
-188.29
-180.78
-162.83
-87.31
-45.67
55.64
31.6
79.89
-87.98
-130.01
-153.5
-169.03
-177.02
-40.63
-59.79
-49.26
-18.93
45.68
80.93
105.22
46.08
-8.39
-15
-86.06
-117.44
-65.35
-27.04
-61.32
58.16
123.09
86.59
142.05
111.69
-46.35
-5.71
-58.82
-102.78
-92.53
-76.77
-158.06
-46.89
-46.38
-46.19
6.14
79.22
48.72
-3.45
0.73
8.09
-38.7
-3.28
67.71
111.55
19.41
51.08
7.25
123.82
100.02
192.91
66.97
80.25
-83
-83.75
-61
27.37
90.3
142.18
82.26
32.38
44.53
10.92
10.72
101.65
71.87
118.4
56.66
-0.14
-154.72
-123.41
-171.22
-128.35
-69.25
49.68
23.39
-50.94
-85.35
-75.19
-88.96
-9.15
-10.8
6.45
-42.26
-26.2
-45.96
-18.57
-11.57
0.99
4.49
41.92
57.84
61.27
87.4
122.27
104.19
127.6
101.96
43.67
0.62
-29.52
-22.39
-15.92
18.28
27.4
28.99
33.22
36.33
40.25
36.3
7.99
-7.06
-10.33
-73.1
-51.9
64.24
75.62
113.9
207.81
119.41
41.24
10.36
2.14
-26.2
45.42
41.79
40.1
24.47
36.9
64.12
77.22
81.18
59.03
34.48
-18.27
-22.91
-19.62
7.29
28.55
18.22
15.3
19.33
2.06
-2.58
5.82
22.53
37.81
60.95
62.17
116.99
70.12
53.04
54.53
49.25
-28.92
12.21
23.14
66.46
46.42
124.82
105.64
85.26
28.94
94.12
69.63
-5.33
-20.25
-82.53
-119.38
-117.66
-45.49
-53.51
-11.43
-48.54
-23.17
47.13
68.43
94.82
161.97
86.62
13.49
24.34
17.54
-28.74
38.45
26.36
47.61
11.88
31.22
5.16
42.52
29.24
148.13
196.81
194.14
168.8
190
93.39
23.57
2.58
17.36
-7.65
8.14
-46.02
-39.56
-27.9
-18.72
-78.55
36.05
39.82
42.32
-46.62
65.68
28.32
-23.14
-57.34
71.68
17.73
-68.46
4.98
16.63
-64.28
-85.84
-33.14
-51.04
-39.23
5.25
21.82
44.8
28.99
6.11
33.52
25.31
156
191.56
262.26
199.26
239.28
10.27
1.95
-65.31
-28.14
-56.11
126.38
163.21
160.87
136.85
140.35
24.14
-71.02
-47.07
19.11
5.63
38.48
55.33
47.73
-23.43
-35.17
-10.61
19.5
16.02
19.35
45.08
-9.05
-30.62
-44.27
-20.69
-50.76
-27.43
-21.13
-50.78
-59.42
-46.22
-51.44
-43.82
20.45
58.74
34.8
55.34
59.07
63.24
18.55
29.27
24.65
-1.27
-46.52
-34.83
14.08
-5.93
29.76
18.38
15.27
-13.53
3.58
90.18
136.97
140.74
196.13
232.51
45.95
35.58
-19.99
-48.09
-76.69
48.33
55.84
67.99
56.2
25.23
-15.75
-34.54
57.79
73.2
107.79
118.24
83.13
56.8
-4.16
-9.31
-15.89
21.5
13.46
61.8
54.39
3.87
33.36
-15.03
-67.24
-105.69
-75.98
-88.12
-60.73
-36.49
-36.06
9.05
-71.76
-121.12
-196.26
-103.75
-101.79
-53.37
7.51
75.9
52.49
45.98
63.99
52.58
104.85
49.62
70.22
72.69
63.3
40.91
78.28
21.88
13.24
18.35
33.01
15.35
21.65
11.53
-31.35
-48.41
-35.37
-55.75
-28.91
15.77
-46.47
-58.08
-35.52
-3.68
-2.32
54.85
37.84
54.38
-26.19
7.01
17.64
35.4
15.64
77.04
72.95
82.39
90.21
135.8
23.37
6.07
-50.8
-56.89
-71.82
5.37
-19.15
21.69
32.01
18.54
32.12
-14.73
-13.44
-26.76
-25.21
-8.34
29.47
16.94
14.79
9.47
-4.55
18.54
22.2
21.4
26.12
10.01
44.355
33.08
37.23
46.67
57.39
-2.255
-19.32
-15.18
-16.43
2.03
24.63
76.46
67.76
23.9
5.82
117.44
50.92
41.3
72.35
78.27
17.33
9.27
-3.94
12.84
0.74
-52.89
49.05
71.8
53.19
75.96
82.31
119.68
90.61
104.66
23.7
40.1
-12.83
-40.91
3.13
28.35
90.2
38.39
46.46
5.69
14.66
-27.71
-147.41
0.38
-118.61
-160.59
-131.23
-78.68
-204.13
-171.11
-61
-173.55
-40.92
0.95
-6.66
-47.06
-32.48
-145.78
-200.06
-133.51
-131.22
-99.15
-29.55
-0.12
17.9
10.99
41.51
38.43
70.04
61.72
22.74
45
20.39
-10.4
-5.49
52.04
-32.48
-30.81
-27.32
-31.84
-46.49
15.01
47.45
55.07
45.17
50.66
31.87
34.88
37.54
45.02
69.07
52.46
67.3
57.2
42.32
0.26
23.81
-11.82
-13.45
-4.15
7.78
-11.56
-12.33
1.76
5.77
7.6
10.46
17.61
7.21
22.14
24.48
49.38
53.64
35.66
15.14
6.99
-11.41
-5.42
3.61
9.94
-1.91
-14.01
-39.53
-10.11
5.05
16.66
21.51
23.5
2.6
6.2
6.77
7.82
37.63
48.75
30.51
29.41
1.37
8.61
-0.88
2.16
19.82
43.85
19.64
7.92
15.49
-0.21
29.01
30.04
44.4
41.33
53.88
9.46
6.45
20.84
25.68
-15.97
-11.32
-16.09
-53.56
-69.89
-13.66
-15.03
-4.84
2.68
14.11
-10.39
2.73
-9.63
4.46
12.24
23.15
26.89
34.63
22.87
38.76
37.61
16.31
12.08
40.36
13.57
-0.5
36.81
3.32
-20.23
-14.85
-29.56
-26.31
22.27
26.96
-14.58
23.74
-10.41
-37.54
-9.7
27.32
22.39
-5.98
-4.21
-42.69
-55.19
-87.09
-56.42
76.89
78.87
78.93
101.34
120.31
-14.21
-8.54
-7.37
-12.27
-14.8
2.12
5.87
28.75
33.99
13.31
22.63
29.23
26.88
35.44
55.58
41.78
24.9
-17.57
-40.97
-35.41
-22.53
-17.25
23.02
36.53
22.65
25.3
24.88
12.12
19.31
44.43
34.81
25.67
44.15
-37.59
-73.61
-74.24
-81.1
-97.24
-37.14
-33.47
-33.17
-4.7
-28.83
-38.21
-12.79
29.19
6.82
-1.97
16.6
-2.06
-53.66
-57.36
-21.13
-0.23
-1.81
-14.38
-98.19
-86.78
-100.84
-87.92
-76.07
38.74
35.81
27.11
28.87
43.45
30.97
31.75
34.18
29.88
17.26
10.72
-10.38
-3.76
-3.24
9.41
33.84
46.51
32.9
15.87
1.43
-32.19
-63.05
-50.95
-14.23
8.74
21.04
45.99
30.65
5.65
8.5
42.14
42.25
35.46
31.17
27.96
1.33
23.38
41.81
46.9
38.4
30.62
22.95
2.25
-3.43
-4.25
-11.3
-23.19
-7.57
23.55
18.59
22.96
4.93
-24.62
-37.79
-15.69
-17.66
26.17
85.37
62.72
19.76
42.47
13.49
-9.9
-28.18
1.09
-7.07
-1.58
25.83
41.07
19.57
6.31
0.87
-23.7
-13.52
54.27
28.81
40.67
31.31
26.83
-23.4
69.63
56.07
27.67
20.87
10.75
-40.31
-62.56
-52.49
-40.67
-23.04
-23.02
5.52
-6.83
12.86
-54.68
-54.88
-51.72
-17.5
6.41
57.81
70.55
50.69
60.47
24.41
-12.87
-40.83
-6.05
-10.29
-18.63
-4.66
-17.69
-49.73
-19.76
-1.46
8.36
12.4
16.62
19.6
20.01
-13.68
-25.57
26.06
-67.48
-81.08
-24.99
7.6
-64.98
-17.59
8.91
-13.62
8.65
34.47
-17.54
-56.72
-47.27
-88.87
-121.73
-61.29
-46.34
-36.12
-26.45
22.46
15.46
21.94
27.38
7.77
9.4
23.43
17.32
-6.44
11.54
8.27
-16.14
-8.59
7.7
3.89
-23.66
-19.64
-53.55
-74.29
-77.86
-44.67
-44.82
-2.46
33.74
41.97
29.53
34.05
19.69
-1.11
-7.05
-40.48
-27.24
-36.65
-42.61
-31.23
-0.12
10.24
13.9
22.95
25.6
24.96
5.03
-14.79
-42.18
-43.69
-30.82
14.24
53.59
81.37
67.82
49.28
21.64
-3.91
3.48
41.98
45.96
29.81
48.65
59.21
51.01
25.38
38.4
25.95
20.29
-15.57
2.65
-39.83
-43.44
-65.86
-49.6
-48.65
3.22
5.54
35.05
28.74
43.47
31.39
28.26
-2.09
-0.34
-9.3
1.37
38.87
69.08
79.34
63.63
40.26
5.3
-1.93
-19.26
9.3
0.65
-2.08
-9.5
-20.62
-31.9
-18.98
-0.99
25.32
45.41
50.05
73.85
58.38
16.6
37.46
18.16
-16.32
3.2
17.33
-50.12
-42.91
-47.66
-50.9
-54.18
29.47
43.69
55.19
52.11
42.52
22.53
22.23
4.7
-5.17
18.23
8.98
-24.75
23.25
20.04
-39.8
-15.1
-17.29
-86.32
-92.61
-46.61
-114.16
-100.5
-58.61
-40.46
-64.68
-24.31
23.58
39.85
43.11
73.57
81.12
56.48
4.91
-23.23
-52.82
-47.87
-37.11
-6.61
15.83
48.95
37.27
36.93
59.24
50.52
57.02
88
21.12
-28.5
-3.86
-74.12
-166.18
-121.36
-83.09
-119.78
-63.94
-2.67
5.7
-6.28
19.77
38.33
40.58
32.26
48.21
33.55
31.99
27.18
25.72
14.82
20.03
19.12
20.13
41.26
60.54
54.09
37.03
25.74
4.88
-17.23
-16.81
-21.31
-20.4
-4.07
14.48
24.34
30.2
36.04
27.14
18.22
22.23
35.33
42.42
26.88
9.52
-3.28
-42.26
-55.53
-30.44
-14.55
-12.83
29.03
35.12
8.11
15.05
8.49
-7.37
-8.98
1.24
-18.94
-7.33
-0.15
-4.41
5.68
14.35
16.69
8.79
13.21
53.02
52.17
46.1
48.66
31.07
-11.89
-19.48
-21.64
-23.55
-1.48
-3.38
3.56
19.58
15
10.79
17.87
37.57
14.81
23.73
19.78
20.46
7.19
32.93
32.3
30.58
17.05
12.91
3.05
5.97
8.24
7.34
-3.51
-10.26
-14.08
-6.21
-10.84
7.28
3.62
-8.26
-12.83
6.38
6.52
14.64
21.45
18.05
2.57
-3.4
7.15
5.22
10.3
0.04
2.47
-16.01
-3.72
3.74
4.06
-4.57
-6.69
-13.57
-16.41
-7.49
-4.04
-1.14
-13.57
-10.44
-17.41
-19.87
-49.84
-31.39
-34.06
-23.09
-14.7
26.92
16.93
20.99
27.06
35.31
24.62
37.4
40.47
32.12
31.39
20.07
0.8
-33.8
-15.62
-53.57
-56.86
-39.3
-18.96
-23.3
-5.1
25.81
14.78
8.69
-2.77
14.47
-10.05
-41.1
-30.32
-23.17
-40.78
-25.77
16.46
16.22
0.69
12.21
6.06
11.99
16.04
34.02
37.46
39.3
35.34
5.82
4.78
1.79
-0.36
-9.16
10.83
2.78
5.09
-1.06
1.74
15.73
21.73
21.17
57.41
55.31
44.14
49.81
62.77
32.6
33.52
35.48
25.59
19.63
17.33
14.86
12.09
12.5
-4.32
-7.09
-11.22
-13.82
-4.89
-3.62
0
13.65
19.04
15.13
13.92
1.82
-9.54
-28.89
-37.69
-31.2
-17.61
-15.16
2.86
8.87
10.1
11.83
13.71
17.76
14.17
8.05
0.13
8.7
-1.5
0.44
-0.7
4.48
-8.45
1.21
4.48
12.35
10.31
12.42
14.4
14.6
10.6
13.48
17.9
12.18
11.03
12.685
10.18
-0.98
-21.82
-33.62
-39.975
-27.08
-16.99
18.29
29.975
29.6
19.26
11.43
-1.34
-5.735
1.28
-2.04
1.73
12.34
21.01
18.65
34.83
23.36
8.97
-4.65
-3.77
-19.44
-11.77
-11.37
-2.65
-0.89
-6.59
-2.51
0.32
4.93
1.51
21.43
25.88
36.99
26.75
38.79
28.5
13.15
-11.73
-5.72
-11.18
-13.07
-10.23
1.64
7.7
-9.55
-3.49
9.78
33.12
6.52
8.67
-20.83
-32.02
-46.44
-8
0.43
16.61
6.9
-2.02
-33.35
-33.22
-30.37
-24.06
-28.57
-4
-1.62
-2.49
12.41
33.15
20.84
18.78
15.42
12.19
-5.98
3.45
1.33
9.67
6.64
13.38
-2.21
1.85
-5.09
-6.58
-1.65
-9.61
-12.2
5.34
11.6
8.51
18.02
15.45
13.73
11.72
-3.32
9.22
-3.56
-17.86
-20.39
-2.44
-9.12
8.27
11.26
7.93
1.92
-0.63
-2.59
-2.99
0
-5.88
-8.09
-10.27
-5.06
-10.29
-7.8
-7.35
-4.77
-7.12
0.68
1
13.24
11.5
13.19
8.88
13.43
25.7
31.41
32.65
33.11
26.05
7.28
0.58
1.46
5.99
22.89
17.68
24.21
16.32
18.69
14.22
25.59
19.21
26.15
15.88
13.53
11.25
17.73
26.23
23.99
-9.77
-13.35
-15.9
-25.45
-16.5
-8.49
-21.46
-22.33
-24.65
-27.69
-18.22
-9.36
1.62
1.81
-2.93
-1.82
-5.87
-19.07
-16.11
-1.78
5.13
14.06
31.48
22.92
23.8
18.64
13.86
-12.25
-1.09
-12.99
-8.66
-16.95
3.59
-0.29
11.88
19.59
30.82
14.69
18.11
10.41
-10.14
-15.78
-24.94
-25.76
-68.12
-46.83
-45.79
-43.46
-40.23
5.94
0.95
10.84
30.51
19.85
12.92
6.03
5.29
-9.19
-10.76
-4.67
-4.84
-6.97
11.76
14.61
6.89
9.78
2.68
-4.07
-2.48
1.97
12.42
11.6
10.78
24.96
30.85
34.36
35.33
15.93
0.4
-13.61
-24.84
-2.61
5.82
6.67
19.29
22.96
-8.69
4.16
8.4
-8.84
4.85
24.06
17.8
13.23
30.29
8.26
-1.17
-24.9
-42.83
-86.54
-69.26
-59.38
-22.95
26.96
51.61
40.33
17.7
24.37
1.54
11.25
17.22
10.53
6.03
-27.62
-14.24
-20.02
-11.67
-43.06
-16.51
-25.81
-44.41
-44.61
-32.98
-19.93
-6.56
8.57
21
28.83
23.2
-1.03
-7.78
6.6
0
0.44
-0.03
6.48
-18.97
-15.48
-27.94
-3.08
-10.77
-4.67
20.65
16.55
4.39
14.1
11.06
-14
11.85
8.15
22.98
27.02
39.6
7.18
4.6
-3.02
4.07
-16.76
-0.02
7.29
6.16
3.78
22.95
14.33
15.16
13.67
8.33
8.81
65.13
70.34
58.21
46.68
39.8
-9.95
-8.55
-2.02
19.43
18.59
22.58
8.8
6.86
5.2
16.7
27.87
33.94
50.47
46.58
14.94
-14.51
-13.94
-27.72
-40.55
-17.28
-17.1
-13.62
-12.45
12.2
3.48
21.55
23.26
20.48
22.54
19.52
7.01
14.93
-3.59
-29.68
-31.36
-14.28
15.73
28.64
17.9
-9.22
-32.28
-74.07
-71.26
-44.64
-9.62
1.34
-4.65
27.14
21.82
13.77
15.78
31.53
2.52
9.69
10.09
11.85
1.25
3.95
2.05
-11.69
-30.17
-34.3
-35.76
-49.37
64.43
101.88
101.2
116.47
142.8
59.17
43.39
36.08
23.69
6.73
-1.16
-3.68
3.5
-8.83
-11.83
-16
-19.97
-16.67
-5
-1.5
8.58
12.33
10.99
4.36
2.12
-7.43
1.46
0.37
-1
-2.09
-3.62
-12.49
-7.16
1.22
-3.08
0.52
6.86
-6.12
-10.4
0.51
2.43
0.02
6.26
4.11
9.65
8.32
-3.4
-4.37
7.7
5.4
-1.76
-5.08
0.32
-6.64
-24.86
-22.88
-14.59
-27.16
-9.66
9.715
19.71
19.99
41.01
13.2
6.835
3.58
-3.79
-15.96
-6.98
-9.08
-6.63
2.405
4.48
-1.78
-6.39
-15.01
-11.575
-19.64
-16.225
-22.19
-6.78
-12.02
-2.82
-0.715
19.35
4.3
13.04
2.48
8.32
-4.17
-14.34
-20.365
-19.82
-22.19
-18.63
-2.49
9.285
19.85
29.5
37.55
39.43
19.45
12.61
4.17
-6.75
-17.1
-3.98
6.9
2.76
15.01
18.01
15.35
13.21
7.7
-0.65
-3.52
16.92
12.76
10.61
-6.73
-5.43
-23.73
-8.04
11.73
27.13
38.16
33.52
21.86
14.35
11.91
-0.89
-0.23
-5.78
-21.32
-28.64
-23.72
-29.32
-28.37
-20.16
-3.96
-4.19
5.55
13.98
22.93
23.88
35.2
11.07
-2.31
-17.24
-21.17
-37.98
-13.18
-6.6
-8.97
-5.26
-0.38
-6.82
-16.57
-3.06
-9.76
-5.52
-3.7
7
3.38
6.05
2.76
-6.9
-10.55
-10.32
-15.26
-10.98
3.39
3.34
1.39
-3.82
-7.73
-18.07
-8.27
-3.41
5.21
14.45
19.3
6.33
16.62
22.36
19.93
28.61
19.47
2.68
-11.4
-12.37
-33.32
-36.37
-42.47
-25.8
-44.14
-30.79
-9.2
4.23
-13.62
0.99
-1.82
-4.98
-19.72
-3.77
-11.01
-18.98
-14.21
3.22
1.18
14.27
20.46
7.92
1.67
-1.06
-16.62
-10.46
-0.63
5.16
3.68
18.12
16.88
10.98
0.08
-2.87
-10.96
-14.17
-13.49
-9
-1.96
9.08
8.72
9.71
24.13
14.28
4.71
11.29
8.406
-2.34
-5.27
2.7
-8.24
-21.046
-20.54
-17.45
-22.95
-21.75
-8.56
-9.13
1.13
-6.06
19.6201
13.32
9.96
4.6
15.9
2.6299
6.58
13.69
2.62
-5.55
-11.235
-6.59
-4.19
5.01
8.73
3.685
18.05
10.33
20.88
21.1
25.28
21.61
20.67
4.6
3.55
-5.47
-17.54
-17.84
-4.57
-2.55
14.18
15.61
8.19
-3.56
-6.18
-17.02
-21.01
1.23
14.83
21.14
31.91
37.09
32.07
25.08
12.29
-3.32
-1.06
1.9
8.98
16.69
17.95
2.11
-9.2
-20.35
-16.7
-12.56
10.66
11.75
6.19
-0.28
-7.11
-11.47
-19.92
-31.38
-9.5
2.29
-1.98
-4.85
-7.6
-18.46
-5.63
-12.54
-28.79
-2.86
-12.26
-18.82
-16.85
11.28
