176.962
177.39
177.478
177.67
177.744
176.92
175.398
173.886
172.486
171.716
171.172
171.382
171.168
170.908
170.284
169.166
167.498
167.112
168.052
165.95
165.056
164.112
162.122
158.528
158.43
157.586
156.802
156.478
157.172
157.838
157.994
158.422
158.384
157.334
155.564
155.306
154.852
154.924
154.588
154.588
153.654
152.71
151.764
151.06
150.608
149.852
149.318
147.398
146.518
144.736
143.076
141.168
139.992
138.172
136.53
135.362
134.414
134.772
135.68
136.654
137.918
138.828
140.27
141.378
142.66
143.08
143.682
143.412
143.776
144.282
145.588
147.28
147.936
147.844
147.652
146.892
145.556
144.654
143.678
145.206
147.188
149.238
151.424
153.134
152.26
150.834
149.67
147.94
146.448
145.528
144.834
143.974
143.736
143.67
142.96
141.59
140.464
139.776
139.176
139.256
140.034
140.714
141.206
141.838
142.012
141.688
141.02
139.894
138.118
136.398
135.26
134.368
133.87
134.43
135.48
134.972
134.722
133.908
133.244
132.338
133.332
134.578
136.062
137.042
138.262
138.706
138.566
138.344
138.44
137.712
137.074
136.218
135.642
134.24
133.616
133.01
132.572
131.834
131.212
130.074
128.654
127.514
126.12
125.092
124.912
127.876
130.306
132.974
136.082
138.604
138.778
139.296
139.664
139.926
140.41
140.052
139.854
139.884
139.024
137.938
136.758
135.892
134.516
133.944
132.982
132.212
131.612
131.492
131.138
131.764
133.64
134.998
136.408
137.934
138.516
137.964
137.72
137.5
136.942
136.516
136.644
136.456
136.486
136.632
136.656
135.672
134.45
133.064
132.32
131.16
130.588
130.072
130.08
129.26
129.376
129.956
130.368
130.318
130.526
130.84
130.862
130.536
130.248
129.946
129.956
130.19
131.084
131.304
131.508
129.688
127.442
124.902
122.834
121.458
121.716
122.352
123.43
124.49
123.858
122.584
120.946
119.834
119.054
119.656
120.226
121.046
121.02
121.05
120.326
120.032
120.442
121.214
121.25
122.218
123.212
123.766
123.868
124.502
124.602
124.364
123.74
123.452
124.148
124.604
125.076
125.416
125.502
124.848
124.608
124.432
123.886
123.87
124.116
123.68
123.514
123.482
122.842
121.06
119.994
118.67
116.83
114.4
112.656
110.315
107.977
106.745
106.353
106.247
106.648
107.28
106.946
106.672
106.486
106.024
105.53
105.644
105.746
105.674
106.384
106.842
106.882
107.082
107.188
107.076
106.428
106.408
106.166
105.576
104.06
103.45
102.698
102.328
102.74
103.728
104.192
105.088
104.862
104.142
103.104
101.57
99.252
97.198
94.908
93.226
92.846
92.83
93.614
94.216
94.146
93.318
92.544
91.448
90.514
90.266
90.524
90.874
91.772
93.058
94.264
94.894
95.484
95.538
95.474
96.054
98.672
100.366
102.438
105.106
105.392
103.758
102.654
101.752
99.824
98.884
98.752
99.404
99.118
98.068
97.078
95.668
93.986
92.512
92.182
91.674
91.002
90.074
89.046
88.336
88.428
88.414
88.572
88.51
88.354
88.376
88.282
88.542
89.176
89.42
89.63
90.218
91.23
92.474
93.356
93.798
94.348
94.316
94.608
95.87
97.422
98.888
100.148
99.774
99.05
98.404
97.912
97.088
97.166
97.476
97.656
97.69
97.968
98.008
97.794
96.928
94.61
92.648
91.172
89.166
87.03
86.964
87.282
88.484
90.46
92.282
93.832
96.718
98.38
99.36
100.946
102.04
101.332
100.894
100.034
99.87
99.472
98.804
98.39
98.868
99.374
100.158
101.03
101.148
100.464
99.634
99.338
98.474
98.376
98.98
99.476
99.33
100.078
101.086
101.978
102.644
103.816
104.512
106.116
107.746
108.85
109.772
110.206
109.568
109.322
109.268
109.154
109.726
110.25
111.68
112.79
113.762
114.708
116.072
116.704
117.828
119.376
120.938
121.844
121.636
121.702
120.7
119.752
118.866
118.676
118.302
117.982
117.45
117.134
116.278
115.242
113.15
111.696
110.04
110.13
110.35
112.186
112.526
541.922
964.674
1390.482
1826.956
2271.064
2300.67
2332.134
2344.24
2340.39
2310.624
2267.44
2239.242
2228.674
2239.616
2277.444
2290.692
2289.802
2287.576
2252.548
2204.94
2195.764
2176.404
2155.85
2170.098
2203.226
2230.616
2270.758
2311.294
2323.84
2335.152
2322.748
2309.986
2293.14
2268.068
2220.442
2187.598
2178.108
2164.164
2173.962
2200.208
2243.31
2255.814
2284.624
2294.286
2300.526
2292.058
2285.224
2281.802
2296.144
2330.6
2344.78
2361.072
2358.298
2368.958
2338.74
2344.246
2368.618
2387.208
2409.312
2462.212
2506.312
2525.156
2555.712
2577.106
2577.622
2574.684
2598.882
2635.73
2663.29
2714.044
2769.428
2796.186
2808.924
2830.798
2839.546
2832.776
2836.062
2842.712
2826.148
2814.258
2792.372
2773.492
2746.646
2727.394
2684.926
2645.976
2620.672
2612.998
2613.7
2604.172
2603.066
2609.652
2616.156
2619.698
2647.256
2680.962
2690.552
2684.014
2655.348
2636.286
2618.592
2609.748
2629.004
2664.366
2687.956
2702.606
2727.782
2743.644
2754.794
2769.346
2804.89
2821.082
2847.416
2842.078
2829.12
2790.214
2736.096
2660.91
2616.338
2595.032
2582.242
2599.784
2625.432
2663.652
2701.31
2737.466
2770.032
2787.494
2796.628
2785.5
2779.18
2763.202
2780.798
2806.8
2837.5
2871.306
2906.71
2914.836
2926.794
2936.646
2940.432
2931.296
2915.11
2894.066
2884.85
2886.528
2889.528
2906.74
2930.228
2943.298
2948.706
2960.97
2949.338
2924.72
2907.402
2878.992
2856.654
2865.924
2867.066
2878.83
2899.386
2917.892
2933.246
2964.858
2974.236
2983.512
2992.75
2991.522
2975.678
2965.934
2966.624
2966.478
2964.86
2972.6
2973.256
2959.714
2937.404
2933.522
2923.306
2921.856
2897.092
2877.088
2838.506
2825.112
2809.062
2825.662
2842.412
2854.612
2849.138
2831.078
2802.642
2786.19
2779.714
2770.808
2768.624
2766.48
2746.15
2731.776
2708.096
2696.764
2696.792
2727.736
2752.418
2786.662
2812.332
2826.182
2816.246
2811.568
2821.756
2838.826
2853.864
2871.656
2873.486
2875.646
2874.356
2882.808
2888.048
2897.24
2900.954
2903.268
2903.07
2902.172
2893.788
2882.22
2869.966
2852.486
2828.032
2807.194
2781.674
2761.282
2752.548
2752.424
2758.328
2762.806
2765.99
2762.334
2756.854
2751.056
2744.412
2737.146
2729.096
2721.836
2720.238
2721.65
2723.716
2738.336
2748.716
2735.868
2720.744
2697.964
2656.402
2632.52
2624.272
2622.2
2621.772
2627.012
2617.928
2609.57
2601.55
2596.656
2589.276
2576.452
2561.008
2544.772
2532.966
2526.07
2529.724
2534.306
2538.23
2536.772
2531.062
2527.418
2524.358
2520.492
2520.08
2520.596
2519.432
2514.926
2507.364
2495.174
2482.74
2459.342
2445.318
2434.71
2423.804
2413.954
2419.738
2417.296
2412.668
2399.376
2390.092
2365.128
2344
2326.948
2321.16
2302.336
2288.41
2289.476
2293.526
2310.032
2333.908
2357.44
2366.538
2377.24
2379.526
2389.234
2393.868
2384.442
2370.756
2351.792
2319.398
2302.074
2299.376
2294.508
2291
2296.748
2289.058
2283.786
2274.264
2271.888
2265.644
2264.612
2256.108
2250.26
2220.634
2181.272
2142.444
2108.684
2070.684
2052.006
2047.292
2046.776
2043.304
2044.834
2043.206
2052.41
2060.322
2065.902
2069.646
2085.356
2078.146
2070.182
2061.718
2071.042
2057.906
2052.242
2056.87
2068.338
2054.002
2050.456
2064.148
2063.152
2059.826
2072.682
2089.85
2096.478
2106.686
2114.532
2113.482
2109.118
2100.158
2094.36
2093.138
2086.434
2081.372
2050.172
2011.86
1959.408
1919.556
1871.7
1869.646
1869.256
1882.318
1887.946
1899.168
1873.892
1841.25
1809.076
1781.706
1753.636
1748.808
1763.012
1772.426
1768.604
1767.478
1759.782
1748.716
1739.17
1743.856
1750.89
1753.012
1749.112
1745.908
1742.038
1733.022
1734.832
1740.956
1749.81
1753.948
1764.1
1769.586
1773.812
1783.968
1795.852
1805.096
1815.384
1824.148
1820.058
1808.31
1801.35
1790.282
1778.468
1765.82
1762.11
1756.256
1751.326
1751.58
1760.884
1767.85
1765.034
1766.22
1760.268
1756.592
1753.538
1756.244
1755.528
1737.492
1710.098
1681.95
1642.724
1596.222
1587.032
1579.916
1583.914
1593.532
1608.87
1599.204
1588.036
1574.438
1563.198
1558.152
1561.302
1568.21
1556.652
1542.012
1520.454
1496.806
1480.18
1468.82
1469.652
1471.514
1474.692
1470.392
1467.7
1455.34
1444.462
1443.688
1437.016
1440.022
1453.47
1474.608
1489.804
1507.428
1519.574
1526.872
1534.084
1532.274
1546.626
1570.85
1610.102
1630.852
1651.21
1661.884
1660.382
1645.202
1634.704
1625.508
1612.71
1602.194
1581.224
1571.3
1557.256
1542.718
1530.058
1521.876
1506.22
1501.844
1499.196
1495.526
1488.924
1485.854
1481.524
1479.218
1485.488
1495.17
1502.244
1513.394
1519.176
1516.022
1525.316
1536.932
1544.036
1544.772
1545.236
1534.266
1526.698
1515.822
1521.06
1519.658
1516.13
1509.05
1505.922
1490.514
1475.924
1459.446
1441.404
1414.244
1409.57
1408.356
1418.516
1429.894
1444.258
1443.184
1447.014
1442.676
1436.274
1432.566
1426.142
1429.088
1431.776
1437.128
1442.17
1443.838
1437.944
1434.556
1431.598
1429.704
1430.614
1426.906
1422.466
1418.186
1412.962
1410.96
1402.089
1395.473
1388.027
1378.693
1367.215
1367.666
1371.53
1374.566
1377.852
1377.446
1372.52
1357.228
1343.676
1338.896
1337.732
1314.244
1304.06
1295.8
1281.33
1265.676
1262.21
1260.356
1261.144
1258.576
1258.428
1269.006
1259.196
1244.836
1234.198
1219.006
1202.544
1178.608
1160.486
1139.554
1134.814
1126.794
1129.36
1137.542
1136.916
1131.246
1113.206
1105.528
1096.236
1095.098
1092.166
1097.708
1127.19
1127.114
1150.836
1182.954
1209.2
1224.936
1265.762
1299.984
1312.184
1346.894
1355.078
1354.888
1356.22
1365.632
1372.128
1401.284
1441.296
1467.998
1494.242
1514.072
1519.982
1520.006
1516.426
1514.228
1505.926
1498.24
1484.232
1471.888
1467.34
1458.34
1454.262
1456.342
1457.44
1447.032
1453.528
1459.69
1465.154
1471.522
1480.82
1477.818
1468.328
1457.314
1448.28
1438.148
1431.774
1424.798
1417.29
1408.286
1394.472
1383.98
1370.52
1359.08
1350.616
1350.564
1345.802
1348.166
1350.856
1351.686
1350.13
1352.442
1354.908
1354.556
1353.402
1351.882
1349.79
1346.268
1344.826
1340.398
1335.502
1325.626
1314.898
1307.766
1304.738
1303.34
1305.622
1306.706
1305.984
1303.996
1304.378
1307.18
1315.086
1317.108
1316.098
1312.766
1308.464
1303.764
1303.244
1302.004
1300.65
1299.086
1291.56
1281.81
1275.708
1269.826
1269.552
1267.83
1268.006
1267.574
1263.61
1254.84
1250.912
1249.328
1246.23
1246.272
1240.47
1234.462
1225.582
1217.316
1206.54
1204.648
1203.358
1199.19
1194.054
1197.248
1199.512
1202.73
1213.442
1227.42
1230.152
1233.158
1234.126
1233.59
1230.768
1232.846
1232.3
1234.226
1233.334
1230.886
1226.256
1220.878
1213.952
1209.378
1201.626
1194.104
1190.842
1188.426
1180.354
1177.64
1177.74
1170.378
1169.714
1173.76
1176.73
1182.642
1187.904
1183.45
1178.058
1180.974
1176.226
1178.308
1185.816
1187.756
1182.292
1177.814
1179.01
1179.852
1188.39
1199.428
1216.846
1228.13
1212.752
1196.978
1181.192
1160.924
1136.862
1139.704
1141.412
1142.886
1145.34
1148.3
1147.876
1146.702
1140.952
1134.154
1131.492
1126.966
1121.12
1115.744
1108.656
1097.54
1089.184
1084.204
1087.718
1095.912
1102.994
1107.5
1110.95
1106.346
1099.04
1094.51
1089.45
1084.474
1082.05
1078.188
1069.302
1062.34
1057.206
1048.376
1055.894
1070.616
1085.464
1101.684
1121.132
1128.56
1135.254
1141.888
1142.828
1148.594
1156.236
1158.794
1152.956
1151.592
1151.986
1148.666
1149.078
1159.81
1171.282
1175.508
1175.554
1175.916
1178.792
1198.43
1215.786
1235.954
1253.538
1268.752
1261.004
1253.842
1248.42
1242.646
1233.956
1227.762
1221.412
1214.576
1208.6
1205.148
1203.004
1205.08
1205.832
1206.48
1204.598
1197.83
1188.528
1181.948
1178.774
1178.488
1184.926
1197.536
1207.726
1210.572
1208.824
1204.616
1195.418
1189.288
1188.158
1186.458
1178.03
1169.58
1162.488
1156.254
1150.662
1150.396
1145.72
1137.358
1127.978
1120.298
1114.174
1109.584
1109.134
1109.82
1110.67
1112.93
1117.568
1119.082
1114.372
1110.654
1106.062
1105.076
1110
1117.558
1120.696
1124.228
1118.994
1101.92
1089.376
1085.424
1076.93
1074.232
1076.212
1081.848
1081.63
1083.044
1083.36
1078.194
1069.98
1066.066
1064.804
1064.63
1069.37
1072.074
1061.22
1055.458
1047.324
1041.062
1035.696
1040.376
1026.45
1015.236
1009.702
1005.528
1003.378
1011.44
1023.952
1034.45
1042.584
1047.192
1051.796
1050.692
1052.058
1049.486
1060.422
1071.398
1081.742
1085.242
1083.96
1072.398
1058.288
1048.15
1036.056
1031.174
1033.748
1041.914
1043.124
1045.182
1048.908
1049.84
1053.378
1063.324
1067.276
1067.568
1065.896
1063.416
1060.092
1056.172
1052.17
1054.906
1060.02
1054.808
1068.304
1084.52
1089.518
1087.998
1100.994
1104.512
1102.73
1105.454
1103.724
1096.83
1100.338
1111.682
1121.136
1138.91
1163.256
1175.514
1184.782
1192.006
1197.296
1192.804
1189.712
1185.324
1179.848
1178.294
1176.414
1171.728
1168.264
1169.552
1167.244
1165.59
1168.818
1170.536
1168.996
1168.218
1172.95
1176.878
1187.588
1202.446
1218.018
1226.952
1235.916
1236.408
1229.66
1221.266
1215.36
1208.55
1204.612
1204.834
1206.244
1214.34
1219.788
1227.118
1235.64
1241.886
1241.91
1239.862
1237.082
1232.492
1227.372
1222.38
1221.374
1224.332
1232.768
1241.506
1247.67
1244.822
1234.104
1217.83
1204.266
1194.41
1190.082
1190.864
1190.168
1181.772
1172.58
1166.618
1156.888
1145.046
1134.844
1129.768
1122.088
1116.898
1112.84
1115.954
1115.424
1123.39
1132.078
1145.25
1155.17
1164.9
1164.256
1163.148
1156.138
1150.39
1141.696
1135.418
1129.766
1130.184
1130.252
1132.112
1131.838
1124.064
1110.248
1094.38
1081.654
1073.602
1072.542
1072.928
1076.78
1074.92
1074.79
1075.206
1077.106
1081.23
1087.61
1091.406
1091.604
1086.54
1077.458
1067.448
1052.678
1041.002
1037.682
1030.19
1026.558
1029.822
1029.182
1025.716
1035.74
1044.322
1053.854
1064.034
1074.87
1068.976
1060.238
1049.2
1038.778
1030.274
1025.768
1021.322
1020.382
1021.416
1017.77
1015.974
1020.924
1016.274
1012.266
1020.226
1023.246
1026.704
1043.968
1062.49
1071.812
1094.644
1114.744
1126.466
1134.558
1147.494
1152.356
1147.64
1139.67
1131.048
1116.334
1100.11
1088.814
1087.832
1092.478
1103.042
1112.616
1120.038
1121.36
1118.194
1108.404
1100.95
1093.564
1081.716
1071.612
1060.208
1042.608
1038.384
1044.084
1044.856
1059.68
1092.916
1117.188
1133.806
1157.762
1170.55
1171.084
1169.944
1171.2
1167.246
1159.58
1151.464
1145.012
1135.37
1128.66
1122.262
1116.826
1111.682
1108.718
1104.712
1100.888
1096.862
1088.61
1076.502
1065.684
1058.278
1053.13
1052.154
1055.6
1058.962
1063.224
1067.304
1068.118
1065.222
1060.354
1054.314
1047.106
1041.678
1038.034
1033.588
1026.522
1018.038
1012.662
1010.758
1011.414
1019.866
1030.972
1037.06
1039.97
1042.536
1036.73
1029.706
1028.084
1025.074
1023.376
1024.85
1026.646
1026.398
1030.186
1031.652
1031.682
1032.564
1031.428
1028.558
1025.22
1023.462
1020.82
1010.216
999.782
990.562
980.83
974.616
976.994
980.89
985.218
989.928
990.224
990.9
990.188
986.272
983.272
981.114
977.54
970.026
967.064
962.318
958.362
954.27
952.832
946.246
939.786
933.67
930.26
927.678
927.068
925.874
924.226
922.758
923.46
925.512
928.328
929.57
931.738
930.282
929.558
931.21
933.776
932.5
931.196
928.268
923.978
920.368
919.854
920.534
919.104
918.06
916
915.992
915.498
918.7
919.444
918.696
917.884
918.798
920.136
922.85
926.132
927.63
928.438
928.666
931.38
933.468
936.95
940.924
950.892
957.17
963.982
968.6
971.54
966.156
962.77
958.572
953.16
946.098
941.174
933.694
925.6
919.176
912.898
908.884
908.724
915.484
918.608
929.322
940.694
948.554
952.346
957.006
958.026
952.864
949.908
948.17
948.724
945.83
947.84
956.06
962.124
966.758
974.914
980.068
976.776
973.532
973.394
970.952
969.74
967.342
964.134
957.33
949.838
941.978
934.91
933.746
932.79
932.432
932.504
934.336
932.17
931.614
930.596
930.808
930.46
927.314
922.968
918.734
907.252
896.19
887.362
877.4
864.846
858.326
851.622
844.526
839.408
835.482
832.016
829.044
826.626
824.126
824.99
826.408
828.652
831.416
832.394
833.118
833.118
830.388
826.58
823.554
820.77
820.406
822.314
828.092
835.63
841.87
845.392
848.424
847.852
846.078
844.058
841.692
838.95
835.398
832.564
830.954
830.928
829.188
829.488
829.4
829.54
828.644
830.334
830.092
829.196
826.726
824.664
822.18
819.3
816.38
814.26
811.564
807.984
805.548
803.342
800.805
798.769
798.965
803.329
810.053
818.048
823.464
826.862
823.204
817.209
811.289
807.437
805.151
805.419
806.566
806.31
806.718
806.372
803.904
799.702
795.972
789.006
784.334
782.54
783.47
784.224
788.112
790.466
792.74
793.27
793.448
794.766
795.268
795.204
794.218
793.916
789.63
784.454
777.056
771.706
763.948
758.248
755.618
757.964
759.108
761.344
763.958
766.004
765.676
764.136
766.046
766.744
764.788
758.164
756.86
755.126
759.292
765.696
774.984
776.584
776.498
773.176
771.796
772.2
778.87
785.514
791.588
796.4
802.114
802.914
803.238
803.736
801.254
794.624
790.456
786.7
783.616
781.178
782.374
781.684
781.418
779.484
778.156
775.48
775.922
775.552
776.57
777.886
778.216
780.138
782.578
781.51
779.19
777.488
773.884
770.794
768.048
765.704
766.368
764.524
765.236
768.808
772.886
773.374
775.198
773.544
771.292
769.706
769.322
769.448
769.966
770.564
770.564
771.74
773.358
775.412
776.424
778.482
780.042
781.512
782.466
783.89
783.754
783.554
780.906
778.606
775.968
774.192
771.506
766.366
760.084
753.554
746.932
741.722
740.266
740.15
739.858
738.66
734.082
730.546
725.704
722.44
718.702
715.858
710.74
706.898
701.668
698.492
695.786
693.536
689.99
684.744
679.946
681.9
684.57
687.75
692.84
696.14
697.838
702.13
706.596
711.526
717.064
720.708
722.58
722.256
721.894
722.48
722.844
724.018
727.832
731.054
731.41
730.384
727.572
721.276
716.692
711.932
708.204
705.432
707.882
708.1
710.698
712.43
715.82
715.102
715.16
712.784
708.866
702.702
699.764
696.142
694.06
696.088
699.244
704.232
709.384
723.008
732.374
741.532
750.224
758.27
757.082
756.892
754.724
748.622
744.652
742.068
740.862
739.804
741.642
743.794
744.728
745.696
747.09
744.738
741.816
740.438
738.482
737.946
738.76
739.256
738.862
736.378
734.058
731.902
726.91
720.74
713.868
706.802
703.616
703.536
706.258
711.226
711.748
710.584
709.25
705.392
700.8
702.538
701.706
700.026
701.794
700.824
696.012
692.452
689.806
683.748
682.096
682.33
687.31
695.876
713.184
727.036
738.912
743.502
738.11
727.788
719.722
716.182
711.308
711
708.75
705.306
703.2
701.994
707.518
710.366
714.37
716.704
725.316
728.618
733.78
742.662
751.584
758.18
762.166
763.478
761.764
757.564
751.798
747.158
747.364
748.92
747.6
747.6
747.512
747.518
746.222
750.016
753.112
758.7
759.316
761.47
762.404
758.274
754.964
754.086
751.266
749.054
751.854
749.484
747.854
743.258
737.854
729.934
728.498
727.578
728.182
727.368
730.72
730.724
729.266
728.034
727.278
722.688
719.822
716.79
714.056
712.39
710.628
697.602
683.534
671.892
662.556
654.596
656.586
658.296
658.7
654.814
651.096
646.58
644.82
643.448
642.408
639.068
633.494
626.706
616.612
607.296
604.308
607.21
609.998
615.542
623.652
627.108
630.528
633.252
635.742
633.302
632.606
628.296
623.644
619.548
615.04
611.136
609.734
606.748
607.466
613.402
619.674
622.53
619.384
613.656
610.076
611.92
618.376
633.19
647.442
656.37
658.294
658.026
658.956
653.528
649.164
646.41
643.254
636.948
636.444
634.506
632.488
630.118
629.868
629.078
628.668
631.006
637.04
643.9
651.052
660.926
648.04
627.664
607.424
584.13
555.57
543.736
535.058
527.842
523.104
521.758
521.99
522.726
522.026
523.792
526.158
529.358
533.352
536.686
537.686
537.986
536.27
533.804
531.606
530.734
530.31
531.796
531.504
531.43
531.63
532.048
532.772
535.27
536.702
536.458
537.074
536.97
535.598
536.822
538.902
538.8
538.314
538.31
537.058
536.236
534.306
532.642
533.322
534.196
532.656
531.576
531.928
532.944
532.88
534.208
539.18
543.756
546.674
552.106
554.038
552.095
548.153
544.155
535.953
533.313
531.946
531.23
531.988
535.18
536.576
538.392
539.718
539.237
538.341
538.697
539.975
542.977
545.292
549.22
552.465
556.903
558.259
560.663
561.227
561.37
557.5
556.64
554.032
553.536
551.872
552.706
555.574
559.647
563.611
568.049
571.775
572.273
570.416
566.446
560.546
553.036
545.15
541.26
538.738
537.904
539.254
542.674
543.47
542.09
541.538
538.536
534.934
531.864
529.222
527.682
527.812
528.516
525.132
522.58
520.458
521.804
522.89
527.636
529.244
526.898
521.472
513.84
507.136
502.764
499.894
497.512
497.69
497.736
498.892
503.156
508.884
513.628
519.492
525.166
529.198
529.99
530.828
529.718
526.922
522.336
517.56
510.52
508.306
508.768
512.216
516.45
524.046
526.682
528.002
529.796
530.848
530.924
532.288
535.602
536.214
538.166
539.27
540.01
538.61
537.934
536.724
536.172
537.552
539.662
541.726
544.778
546.974
546.296
545.628
545.35
546.114
547.66
551.274
552.928
553.61
552.568
549.678
545.818
544.552
541.228
536.756
532.77
527.048
523.154
522.618
524.898
527.372
534.036
541.31
549.804
554.964
563.792
569.95
571.79
570.944
573.668
573.47
573.834
574.83
578.774
579.528
581.73
585.526
588.368
587.724
587.488
584.634
580.542
578.958
578.624
578.836
582.16
584.252
584.378
583.346
582.61
578.986
575.61
573.414
573.398
573.972
576.164
578.998
581.696
583.496
583.888
582.072
580.328
578.386
573.56
570.704
569.762
567.504
565.8228
566.2908
567.3448
566.8048
568.4528
572.662
576.77
580.26
584.85
589.2
590.912
592.738
592.512
593.724
589.79998
587.13598
585.14398
584.22398
581.04398
580.518
579.202
576.464
575.94
577.05
579.297
580.615
581.453
580.451
578.705
577.968
574.358
572.292
568.116
563.896
558.84
554.518
550.384
549.464
548.754
549.848
553.356
556.924
557.838
558.348
555.512
552.39
550.752
551.464
552.7
556.104
560.306
560.06
557.094
552.866
546.484
539.066
532.652
527.636
525.178
525.842
526.054
525.674
523.878
520.54
516.95
516.528
518.368
522.438
525.778
528.29
526.158
523.808
522.57
522.626
524.048
526.342
530.326
536.602
538.502
538.044
538.44
539.41
540.93
544.622
545.748
548.256
554.014
554.586
557.038
560.802
564.172
561.916
560.645
558.4733333
559.225
558.46
